Covariance: [6.647610252068253e+17, 1.44911201201715e+21, 1.068829676114552e+21, 4.007001302449616e+24, 2.205619827413505e+24, 2.216461681693377e+24, 1.226450625523991e+28, 5.984043205773665e+27, 4.486627758716295e+27, 5.108972472700441e+27, 609536802263.4614, 424259244698.1965, -248865.3755752149, -573.8587196850423, -0.09606015284845196, -0.1246133993284318, -8.808856259159013e-11, -0.0002428994710767532, -5.151791755149417e-13;
 1.44911201201715e+21, 3.173405938901701e+24, 2.334098358796451e+24, 8.807461680987756e+27, 4.831988260251319e+27, 4.845224999183598e+27, 2.703465589495511e+31, 1.315834116609672e+31, 9.831450571628832e+30, 1.117438832256625e+31, 1331381778179332, 913479083173880.6, -508764491.7620062, -1131458.760688101, -189.8358779619469, -248.4578378175094, -1.75122797729586e-07, -0.4826609403092865, -1.048014645939117e-09;
 1.068829676114552e+21, 2.334098358796451e+24, 1.721172670310076e+24, 6.45675126402314e+27, 3.554367230444951e+27, 3.57162944178427e+27, 1.97637199838018e+31, 9.643981741708824e+30, 7.231682144934028e+30, 8.234971025969057e+30, 979757026470168, 676828294015046.2, -385039897.8834755, -859690.9539096851, -144.1156586270629, -187.887368142366, -1.324883878551708e-07, -0.3652561479543779, -7.857434845527806e-10;
 4.007001302449616e+24, 8.807461680987756e+27, 6.45675126402314e+27, 2.454994558723313e+31, 1.340951863345959e+31, 1.340927208870388e+31, 7.563093181416135e+34, 3.669008677441484e+34, 2.72851044931347e+34, 3.093588269706452e+34, 3.69200945350886e+18, 2.514753097611016e+18, -1365223947711.588, -3023954107.687747, -507812.5432503985, -667548.5159481313, -0.0004707236793776219, -1296.823029564128, -2.835784534033747e-06;
 2.205619827413505e+24, 4.831988260251319e+27, 3.554367230444951e+27, 1.340951863345959e+31, 7.358670947053651e+30, 7.379738902208587e+30, 4.115381260553506e+34, 2.003449346042362e+34, 1.497333758545215e+34, 1.702090953894647e+34, 2.025919634040684e+18, 1.387305133547501e+18, -765716803155.6158, -1683687657.17732, -282625.0923746219, -370492.2138922953, -0.0002609194710384087, -719.0826575871836, -1.568245454114531e-06;
 2.216461681693377e+24, 4.845224999183598e+27, 3.57162944178427e+27, 1.340927208870388e+31, 7.379738902208587e+30, 7.41401332314535e+30, 4.105553776430257e+34, 2.003010615410747e+34, 1.501612240986259e+34, 1.709679096719794e+34, 2.032007419924754e+18, 1.397064898313201e+18, -780997853154.4924, -1714809229.704702, -287732.5789160926, -376351.4904093132, -0.000264923170635459, -730.2878982402601, -1.587330474789545e-06;
 1.226450625523991e+28, 2.703465589495511e+31, 1.97637199838018e+31, 7.563093181416135e+34, 4.115381260553506e+34, 4.105553776430257e+34, 2.337182957257892e+38, 1.130607802619658e+38, 8.373811043992906e+37, 9.473977902200742e+37, 1.132891160858169e+22, 7.681073483283188e+21, -4105204097212658, -9129192395313.689, -1533700697.679458, -2021355844.770892, -1.426915596703766, -3929784.757524821, -0.008612938930815437;
 5.984043205773665e+27, 1.315834116609672e+31, 9.643981741708824e+30, 3.669008677441484e+34, 2.003449346042362e+34, 2.003010615410747e+34, 1.130607802619658e+38, 5.48356537238998e+37, 4.076608323682722e+37, 4.621257818937083e+37, 5.514596450072786e+21, 3.752505038928645e+21, -2028665453727140, -4480048814154.339, -752471190.6674994, -989886881.1167217, -0.6979502653693059, -1922714.802899173, -0.004210242641951147;
 4.486627758716295e+27, 9.831450571628832e+30, 7.231682144934028e+30, 2.72851044931347e+34, 1.497333758545215e+34, 1.501612240986259e+34, 8.373811043992906e+37, 4.076608323682722e+37, 3.04683966474255e+37, 3.463508640145274e+37, 4.120963281035349e+21, 2.818569694403316e+21, -1548276065281987, -3386818923209.791, -568666736.252365, -746150548.9788194, -0.5252172239779067, -1447431.827292501, -0.003165614494145927;
 5.108972472700441e+27, 1.117438832256625e+31, 8.234971025969057e+30, 3.093588269706452e+34, 1.702090953894647e+34, 1.709679096719794e+34, 9.473977902200742e+37, 4.621257818937083e+37, 3.463508640145274e+37, 3.942825990838327e+37, 4.684543707065094e+21, 3.213601422115948e+21, -1781886681427071, -3884200123780.847, -652024366.1858987, -854177840.1697918, -0.6008300041822291, -1656152.016143343, -0.003616846683652338;
 609536802263.4614, 1331381778179332, 979757026470168, 3.69200945350886e+18, 2.025919634040684e+18, 2.032007419924754e+18, 1.132891160858169e+22, 5.514596450072786e+21, 4.120963281035349e+21, 4.684543707065094e+21, 560133.6587899184, 388071.245827413, -0.2252494079162664, -0.0005225463343829375, -8.750337460034991e-08, -1.137506692468193e-07, -8.040916664348165e-17, -2.216898716033594e-10, -4.728889058541599e-19;
 424259244698.1965, 913479083173880.6, 676828294015046.2, 2.514753097611016e+18, 1.387305133547501e+18, 1.397064898313201e+18, 7.681073483283188e+21, 3.752505038928645e+21, 2.818569694403316e+21, 3.213601422115948e+21, 388071.245827413, 292794.6252626511, -0.2122769449269612, -0.0005673595532303446, -9.41311015811336e-08, -1.182977287856003e-07, -8.543808758116687e-17, -2.356826756873008e-10, -4.384560463016351e-19;
 -248865.3755752149, -508764491.7620062, -385039897.8834755, -1365223947711.588, -765716803155.6158, -780997853154.4924, -4105204097212658, -2028665453727140, -1548276065281987, -1781886681427071, -0.2252494079162664, -0.2122769449269612, 2.28497077570748e-07, 7.264000475452257e-10, 1.195453758625493e-13, 1.45687880657588e-13, 1.070430524143757e-22, 2.955411081142801e-16, 4.857139295000837e-25;
 -573.8587196850423, -1131458.760688101, -859690.9539096851, -3023954107.687747, -1683687657.17732, -1714809229.704702, -9129192395313.689, -4480048814154.339, -3386818923209.791, -3884200123780.847, -0.0005225463343829375, -0.0005673595532303446, 7.264000475452257e-10, 2.48318304916045e-12, 4.079240105140646e-16, 4.941808047884557e-16, 3.647128522203198e-25, 1.007067483367751e-18, 1.614994817389428e-27;
 -0.09606015284845196, -189.8358779619469, -144.1156586270629, -507812.5432503985, -282625.0923746219, -287732.5789160926, -1533700697.679458, -752471190.6674994, -568666736.252365, -652024366.1858987, -8.750337460034991e-08, -9.41311015811336e-08, 1.195453758625493e-13, 4.079240105140646e-16, 6.701956805899467e-20, 8.122819398618844e-20, 5.992521438788514e-29, 1.654697915934884e-22, 2.660803707702986e-31;
 -0.1246133993284318, -248.4578378175094, -187.887368142366, -667548.5159481313, -370492.2138922953, -376351.4904093132, -2021355844.770892, -989886881.1167217, -746150548.9788194, -854177840.1697918, -1.137506692468193e-07, -1.182977287856003e-07, 1.45687880657588e-13, 4.941808047884557e-16, 8.122819398618844e-20, 9.862881523192073e-20, 7.266672178264201e-29, 2.006516553550819e-22, 3.259599567066949e-31;
 -8.808856259159013e-11, -1.75122797729586e-07, -1.324883878551708e-07, -0.0004707236793776219, -0.0002609194710384087, -0.000264923170635459, -1.426915596703766, -0.6979502653693059, -0.5252172239779067, -0.6008300041822291, -8.040916664348165e-17, -8.543808758116687e-17, 1.070430524143757e-22, 3.647128522203198e-25, 5.992521438788514e-29, 7.266672178264201e-29, 5.362231401781499e-38, 1.480543008353616e-31, 2.38091514235515e-40;
 -0.0002428994710767532, -0.4826609403092865, -0.3652561479543779, -1296.823029564128, -719.0826575871836, -730.2878982402601, -3929784.757524821, -1922714.802899173, -1447431.827292501, -1656152.016143343, -2.216898716033594e-10, -2.356826756873008e-10, 2.955411081142801e-16, 1.007067483367751e-18, 1.654697915934884e-22, 2.006516553550819e-22, 1.480543008353616e-31, 4.087904348883369e-25, 6.576149807692195e-34;
 -5.151791755149417e-13, -1.048014645939117e-09, -7.857434845527806e-10, -2.835784534033747e-06, -1.568245454114531e-06, -1.587330474789545e-06, -0.008612938930815437, -0.004210242641951147, -0.003165614494145927, -0.003616846683652338, -4.728889058541599e-19, -4.384560463016351e-19, 4.857139295000837e-25, 1.614994817389428e-27, 2.660803707702986e-31, 3.259599567066949e-31, 2.38091514235515e-40, 6.576149807692195e-34, 1.13382457962036e-42]
------------------------------------------------------------------------
Mean[795049374.2;
 1527962700828.4;
 1149965902171.2;
 4074528454464328;
 2255672154391238;
 2288711253433905;
 1.232866409178094e+19;
 6.028377767368059e+18;
 4.535521977690772e+18;
 5.187972941084079e+18;
 1155.180959030479;
 912.7818737084461;
 0.001529344270473738;
 8.666372614596708e-07;
 1.408458369385774e-10;
 1.709695852028831e-10;
 1.159176116722321e-19;
 3.215895251450713e-13;
 7.004353509057296e-22]
