Covariance: [1.863897740430023e+16, 1.570752330030469e+19, 2.696880949926368e+19, 1.772189035352524e+22, 2.078774165041468e+22, 5.082949179151718e+22, 2.258305264190031e+25, 2.232514810762782e+25, 3.75624730086119e+25, 1.077003919334731e+26, 29179418917.5533, 57416786756.41809, 23592.5483300796, 75.07784343547887, 0.00349300766597198, 0.003765270986330859, 4.782405694233176e-13, 6.283667760755816e-06, 7.352533858703571e-14;
 1.570752330030469e+19, 1.427247854541756e+22, 2.173266292573345e+22, 1.705973540422983e+25, 1.784482794275095e+25, 3.888382420692597e+25, 2.285550026394215e+28, 2.029803922528101e+28, 3.032460699084506e+28, 7.8231311553437e+28, 27037609145269.71, 45555755205025.47, 19475251.34902276, 44567.51363399355, 2.511652090801744, 2.095807223580506, 2.703466235348786e-10, 0.003543542096738984, 4.17813239825093e-11;
 2.696880949926368e+19, 2.173266292573345e+22, 4.598358678913712e+22, 2.352883537503019e+25, 3.380086373520582e+25, 9.551394544366417e+25, 2.874408354343664e+28, 3.461229535495974e+28, 6.787090843993836e+28, 2.154674470503326e+29, 34349043020139.18, 94683514297960.06, 61902024.11033858, 171920.043582541, 7.410099790698685, 9.02380353438137, 1.117818847867135e-09, 0.01470902831057791, 1.702135057993588e-10;
 1.772189035352524e+22, 1.705973540422983e+25, 2.352883537503019e+25, 2.121901643455433e+28, 2.039996397853575e+28, 3.998057502452685e+28, 2.935325545462419e+31, 2.426297620398546e+31, 3.285519982727357e+31, 7.601180303024374e+31, 3.283201900641767e+16, 4.870995304075055e+16, 21044471566.9581, 32136623.07116276, 2421.47640917612, 1316.297899872561, 1.761190784423869e-07, 2.295911172609485, 2.754805612129383e-08;
 2.078774165041468e+22, 1.784482794275095e+25, 3.380086373520582e+25, 2.039996397853575e+28, 2.602567688068326e+28, 6.76136106933391e+28, 2.627701352817004e+31, 2.794609419368218e+31, 4.973510397791145e+31, 1.479462489312968e+32, 2.960434540115373e+16, 6.918381431368355e+16, 44132451030.37417, 107657914.6454158, 5083.949242933795, 5522.92325652799, 6.866807874087749e-07, 9.028099962447202, 1.04691412007483e-07;
 5.082949179151718e+22, 3.888382420692597e+25, 9.551394544366417e+25, 3.998057502452685e+28, 6.76136106933391e+28, 2.087408976194544e+29, 4.611712638090636e+31, 6.640809473814537e+31, 1.444981857237058e+32, 4.858577254052043e+32, 5.353690041011378e+16, 1.941602023719652e+17, 149432904090.0827, 414262410.5816216, 17014.21631313763, 22138.14933126595, 2.72197904279603e-06, 35.83956644461828, 4.132939822983062e-07;
 2.258305264190031e+25, 2.285550026394215e+28, 2.874408354343664e+28, 2.935325545462419e+31, 2.627701352817004e+31, 4.611712638090636e+31, 4.162700322948007e+34, 3.252451794859504e+34, 4.014797901279009e+34, 8.170716904994401e+34, 4.462714264983561e+19, 5.888125304601155e+19, 24906605465954.14, 18521158672.86227, 2598124.470792286, 375073.1563178129, 6.455530909090271e-05, 814.2865085190568, 1.082208962932645e-05;
 2.232514810762782e+25, 2.029803922528101e+28, 3.461229535495974e+28, 2.426297620398546e+31, 2.794609419368218e+31, 6.640809473814537e+31, 3.252451794859504e+34, 3.13742536994583e+34, 5.078895238469288e+34, 1.400934892813853e+35, 3.502167972304604e+19, 7.042248771390998e+19, 43506579766980.59, 89612134522.39003, 4825198.88653026, 4428087.198440406, 0.0005538846898164635, 7271.776743711735, 8.461366329483483e-05;
 3.75624730086119e+25, 3.032460699084506e+28, 6.787090843993836e+28, 3.285519982727357e+31, 4.973510397791145e+31, 1.444981857237058e+32, 4.014797901279009e+34, 5.078895238469288e+34, 1.024082344932603e+35, 3.298940962693739e+35, 4.440716991037403e+19, 1.375515680577828e+20, 103279676595074.4, 266880456134.9021, 11577123.32235917, 14093307.69676153, 0.001735414668802425, 22839.65584442059, 0.0002636241048305265;
 1.077003919334731e+26, 7.8231311553437e+28, 2.154674470503326e+29, 7.601180303024374e+31, 1.479462489312968e+32, 4.858577254052043e+32, 8.170716904994401e+34, 1.400934892813853e+35, 3.298940962693739e+35, 1.1527600653389e+36, 9.52596163271186e+19, 4.359127900114237e+20, 361719104374628.4, 1024341644705.543, 40633295.24409652, 55279645.89906646, 0.006776247922455302, 89251.57239606365, 0.001027693931924118;
 29179418917.5533, 27037609145269.71, 34349043020139.18, 3.283201900641767e+16, 2.960434540115373e+16, 5.353690041011378e+16, 4.462714264983561e+19, 3.502167972304604e+19, 4.440716991037403e+19, 9.52596163271186e+19, 56537.85044392994, 75024.24069310354, 0.01084292292964723, 3.171400830340361e-05, 2.662401237530338e-09, 1.015693349600892e-09, 1.611701466530751e-19, 2.084889569903931e-12, 2.660874454207003e-20;
 57416786756.41809, 45555755205025.47, 94683514297960.06, 4.870995304075055e+16, 6.918381431368355e+16, 1.941602023719652e+17, 5.888125304601155e+19, 7.042248771390998e+19, 1.375515680577828e+20, 4.359127900114237e+20, 75024.24069310354, 197938.7404692774, 0.1131142440972237, 0.0003477985677844996, 1.486591919897763e-08, 1.818737761724614e-08, 2.263319814583566e-18, 2.977973104712931e-11, 3.452876813945002e-19;
 23592.5483300796, 19475251.34902276, 61902024.11033858, 21044471566.9581, 44132451030.37417, 149432904090.0827, 24906605465954.14, 43506579766980.59, 103279676595074.4, 361719104374628.4, 0.01084292292964723, 0.1131142440972237, 1.62539805779084e-07, 3.199349830322279e-10, 1.30893716208784e-14, 1.753555778663553e-14, 2.110508156069071e-24, 2.780840254165744e-17, 3.176190977026949e-25;
 75.07784343547887, 44567.51363399355, 171920.043582541, 32136623.07116276, 107657914.6454158, 414262410.5816216, 18521158672.86227, 89612134522.39003, 266880456134.9021, 1024341644705.543, 3.171400830340361e-05, 0.0003477985677844996, 3.199349830322279e-10, 9.97826892477083e-13, 3.602597085482436e-17, 5.488504601800266e-17, 6.706578214114858e-27, 8.839438688651002e-20, 1.015995103337664e-27;
 0.00349300766597198, 2.511652090801744, 7.410099790698685, 2421.47640917612, 5083.949242933795, 17014.21631313763, 2598124.470792286, 4825198.88653026, 11577123.32235917, 40633295.24409652, 2.662401237530338e-09, 1.486591919897763e-08, 1.30893716208784e-14, 3.602597085482436e-17, 1.477664921259211e-21, 1.94184252156554e-21, 2.372313081420139e-31, 3.124422101284478e-24, 3.592935752315755e-32;
 0.003765270986330859, 2.095807223580506, 9.02380353438137, 1316.297899872561, 5522.92325652799, 22138.14933126595, 375073.1563178129, 4428087.198440406, 14093307.69676153, 55279645.89906646, 1.015693349600892e-09, 1.818737761724614e-08, 1.753555778663553e-14, 5.488504601800266e-17, 1.94184252156554e-21, 3.03206207360854e-21, 3.700845337832103e-31, 4.878533900542697e-24, 5.604098965516635e-32;
 4.782405694233176e-13, 2.703466235348786e-10, 1.117818847867135e-09, 1.761190784423869e-07, 6.866807874087749e-07, 2.72197904279603e-06, 6.455530909090271e-05, 0.0005538846898164635, 0.001735414668802425, 0.006776247922455302, 1.611701466530751e-19, 2.263319814583566e-18, 2.110508156069071e-24, 6.706578214114858e-27, 2.372313081420139e-31, 3.700845337832103e-31, 4.52144615642239e-41, 5.960074881685534e-34, 6.849376450445856e-42;
 6.283667760755816e-06, 0.003543542096738984, 0.01470902831057791, 2.295911172609485, 9.028099962447202, 35.83956644461828, 814.2865085190568, 7271.776743711735, 22839.65584442059, 89251.57239606365, 2.084889569903931e-12, 2.977973104712931e-11, 2.780840254165744e-17, 8.839438688651002e-20, 3.124422101284478e-24, 4.878533900542697e-24, 5.960074881685534e-34, 7.856485486299454e-27, 9.028593685018551e-35;
 7.352533858703571e-14, 4.17813239825093e-11, 1.702135057993588e-10, 2.754805612129383e-08, 1.04691412007483e-07, 4.132939822983062e-07, 1.082208962932645e-05, 8.461366329483483e-05, 0.0002636241048305265, 0.001027693931924118, 2.660874454207003e-20, 3.452876813945002e-19, 3.176190977026949e-25, 1.015995103337664e-27, 3.592935752315755e-32, 5.604098965516635e-32, 6.849376450445856e-42, 9.028593685018551e-35, 1.037752323803779e-42]
------------------------------------------------------------------------
Mean[253101398.8;
 190243511108.4;
 277138369410.6;
 202694689535350.4;
 208656010049651.4;
 449158028732509;
 2.497699411154114e+17;
 2.212921302946185e+17;
 3.33029182088891e+17;
 8.728781854478372e+17;
 636.3619203784767;
 868.116824703151;
 0.001857415003650291;
 5.432029420567333e-07;
 3.664853487369344e-11;
 2.913455383228696e-11;
 3.367686436501304e-21;
 4.433354886495341e-14;
 4.988272702456607e-22]
